latname CFG/c44_b5.3_k0.158_100
nx 4
ny 4
nz 4
nt 4
nvec 10
diagrams:length 505
diagrams:0  11 0 0 0 1 11 0 0 0 0 
diagrams:1  11 0 0 0 1 5 0 0 0 0 3 0 0 0 0 
diagrams:2  11 0 0 0 1 3 0 0 0 0 5 0 0 0 0 
diagrams:3  11 0 0 0 1 6 0 0 -1 0 5 0 0 1 0 
diagrams:4  11 0 0 0 1 5 0 0 1 0 
diagrams:5  6 0 0 -1 0 
diagrams:6  11 0 0 0 1 6 0 0 1 0 5 0 0 -1 0 
diagrams:7  11 0 0 0 1 5 0 0 -1 0 
diagrams:8  6 0 0 1 0 
diagrams:9  11 0 0 0 1 5 0 0 -1 0 6 0 0 1 0 
diagrams:10  11 0 0 0 1 5 0 0 1 0 6 0 0 -1 0 
diagrams:11  11 0 0 0 1 5 1 0 0 0 
diagrams:12  5 0 0 0 0 5 -1 0 0 0 
diagrams:13  11 0 0 0 1 5 0 0 0 0 5 -1 0 0 0 5 1 0 0 0 
diagrams:14  11 0 0 0 1 5 1 0 0 0 5 -1 0 0 0 5 0 0 0 0 
diagrams:15  11 0 0 0 1 5 -1 0 0 0 5 1 0 0 0 5 0 0 0 0 
diagrams:16  11 0 0 0 1 5 -1 0 0 0 
diagrams:17  5 0 0 0 0 5 1 0 0 0 
diagrams:18  11 0 0 0 1 5 0 0 0 0 5 1 0 0 0 5 -1 0 0 0 
diagrams:19  5 0 0 0 1 11 0 0 0 0 3 0 0 0 1 
diagrams:20  3 0 0 0 1 11 0 0 0 0 5 0 0 0 1 
diagrams:21  5 0 0 0 1 5 0 0 0 0 
diagrams:22  3 0 0 0 1 3 0 0 0 0 
diagrams:23  5 0 0 0 1 5 0 0 0 0 3 0 0 0 0 3 0 0 0 1 
diagrams:24  5 0 0 0 1 3 0 0 0 0 
diagrams:25  3 0 0 0 1 5 0 0 0 0 
diagrams:26  5 0 0 0 1 3 0 0 0 0 5 0 0 0 0 3 0 0 0 1 
diagrams:27  3 0 0 0 1 5 0 0 0 0 3 0 0 0 0 5 0 0 0 1 
diagrams:28  3 0 0 0 1 3 0 0 0 0 5 0 0 0 0 5 0 0 0 1 
diagrams:29  5 0 0 0 1 5 0 0 1 0 3 0 0 0 1 
diagrams:30  5 0 0 0 1 5 0 0 1 0 3 0 0 0 1 6 0 0 -1 0 
diagrams:31  5 0 0 0 1 6 0 0 -1 0 5 0 0 1 0 3 0 0 0 1 
diagrams:32  5 0 0 0 1 5 0 0 -1 0 3 0 0 0 1 
diagrams:33  5 0 0 0 1 5 0 0 -1 0 3 0 0 0 1 6 0 0 1 0 
diagrams:34  5 0 0 0 1 6 0 0 1 0 5 0 0 -1 0 3 0 0 0 1 
diagrams:35  5 0 0 0 1 5 0 0 -1 0 6 0 0 1 0 3 0 0 0 1 
diagrams:36  5 0 0 0 1 5 0 0 1 0 6 0 0 -1 0 3 0 0 0 1 
diagrams:37  3 0 0 0 1 5 0 0 1 0 5 0 0 0 1 
diagrams:38  3 0 0 0 1 5 0 0 1 0 5 0 0 0 1 6 0 0 -1 0 
diagrams:39  3 0 0 0 1 6 0 0 -1 0 5 0 0 1 0 5 0 0 0 1 
diagrams:40  3 0 0 0 1 5 0 0 -1 0 5 0 0 0 1 
diagrams:41  3 0 0 0 1 5 0 0 -1 0 5 0 0 0 1 6 0 0 1 0 
diagrams:42  3 0 0 0 1 6 0 0 1 0 5 0 0 -1 0 5 0 0 0 1 
diagrams:43  3 0 0 0 1 5 0 0 -1 0 6 0 0 1 0 5 0 0 0 1 
diagrams:44  3 0 0 0 1 5 0 0 1 0 6 0 0 -1 0 5 0 0 0 1 
diagrams:45  5 0 0 0 1 5 0 0 0 0 5 1 0 0 0 3 0 0 0 1 5 -1 0 0 0 
diagrams:46  5 0 0 0 1 5 -1 0 0 0 
diagrams:47  3 0 0 0 1 5 0 0 0 0 5 1 0 0 0 
diagrams:48  5 0 0 0 1 5 1 0 0 0 3 0 0 0 1 5 0 0 0 0 5 -1 0 0 0 
diagrams:49  5 0 0 0 1 5 0 0 0 0 5 -1 0 0 0 
diagrams:50  3 0 0 0 1 5 1 0 0 0 
diagrams:51  5 0 0 0 1 5 1 0 0 0 3 0 0 0 1 
diagrams:52  5 0 0 0 1 5 -1 0 0 0 5 0 0 0 0 
diagrams:53  5 0 0 0 1 5 1 0 0 0 3 0 0 0 1 5 -1 0 0 0 5 0 0 0 0 
diagrams:54  5 0 0 0 1 5 0 0 0 0 5 -1 0 0 0 5 1 0 0 0 3 0 0 0 1 
diagrams:55  3 0 0 0 1 5 -1 0 0 0 5 1 0 0 0 
diagrams:56  5 0 0 0 1 5 1 0 0 0 5 -1 0 0 0 
diagrams:57  5 0 0 0 1 5 1 0 0 0 5 -1 0 0 0 5 0 0 0 0 3 0 0 0 1 
diagrams:58  3 0 0 0 1 5 1 0 0 0 5 0 0 0 0 
diagrams:59  5 0 0 0 1 5 1 0 0 0 5 0 0 0 0 3 0 0 0 1 5 -1 0 0 0 
diagrams:60  5 0 0 0 1 5 -1 0 0 0 5 1 0 0 0 5 0 0 0 0 3 0 0 0 1 
diagrams:61  5 0 0 0 1 5 0 0 0 0 5 -1 0 0 0 3 0 0 0 1 5 1 0 0 0 
diagrams:62  5 0 0 0 1 5 1 0 0 0 
diagrams:63  3 0 0 0 1 5 0 0 0 0 5 -1 0 0 0 
diagrams:64  5 0 0 0 1 5 -1 0 0 0 3 0 0 0 1 5 0 0 0 0 5 1 0 0 0 
diagrams:65  5 0 0 0 1 5 0 0 0 0 5 1 0 0 0 
diagrams:66  3 0 0 0 1 5 -1 0 0 0 
diagrams:67  5 0 0 0 1 5 -1 0 0 0 3 0 0 0 1 
diagrams:68  5 0 0 0 1 5 1 0 0 0 5 0 0 0 0 
diagrams:69  5 0 0 0 1 5 -1 0 0 0 3 0 0 0 1 5 1 0 0 0 5 0 0 0 0 
diagrams:70  5 0 0 0 1 5 0 0 0 0 5 1 0 0 0 5 -1 0 0 0 3 0 0 0 1 
diagrams:71  3 0 0 0 1 5 1 0 0 0 5 -1 0 0 0 
diagrams:72  5 0 0 0 1 5 -1 0 0 0 5 1 0 0 0 
diagrams:73  3 0 0 0 1 5 -1 0 0 0 5 0 0 0 0 
diagrams:74  5 0 0 0 1 5 -1 0 0 0 5 0 0 0 0 3 0 0 0 1 5 1 0 0 0 
diagrams:75  3 0 0 0 1 5 1 0 0 0 5 0 0 0 1 
diagrams:76  3 0 0 0 1 5 0 0 0 0 5 -1 0 0 0 5 1 0 0 0 5 0 0 0 1 
diagrams:77  3 0 0 0 1 5 1 0 0 0 5 -1 0 0 0 5 0 0 0 0 5 0 0 0 1 
diagrams:78  3 0 0 0 1 5 -1 0 0 0 5 1 0 0 0 5 0 0 0 0 5 0 0 0 1 
diagrams:79  3 0 0 0 1 5 -1 0 0 0 5 0 0 0 1 
diagrams:80  3 0 0 0 1 5 0 0 0 0 5 1 0 0 0 5 -1 0 0 0 5 0 0 0 1 
diagrams:81  6 0 0 1 1 11 0 0 0 0 5 0 0 -1 1 
diagrams:82  6 0 0 1 1 
diagrams:83  5 0 0 -1 1 11 0 0 0 0 
diagrams:84  6 0 0 -1 1 11 0 0 0 0 5 0 0 1 1 
diagrams:85  6 0 0 -1 1 
diagrams:86  5 0 0 1 1 11 0 0 0 0 
diagrams:87  5 0 0 1 1 11 0 0 0 0 6 0 0 -1 1 
diagrams:88  5 0 0 -1 1 11 0 0 0 0 6 0 0 1 1 
diagrams:89  6 0 0 1 1 3 0 0 0 0 5 0 0 -1 1 5 0 0 0 0 
diagrams:90  5 0 0 -1 1 5 0 0 0 0 3 0 0 0 0 
diagrams:91  6 0 0 1 1 5 0 0 0 0 3 0 0 0 0 5 0 0 -1 1 
diagrams:92  6 0 0 1 1 5 0 0 0 0 5 0 0 -1 1 3 0 0 0 0 
diagrams:93  5 0 0 -1 1 3 0 0 0 0 5 0 0 0 0 
diagrams:94  6 0 0 1 1 3 0 0 0 0 5 0 0 0 0 5 0 0 -1 1 
diagrams:95  6 0 0 -1 1 3 0 0 0 0 5 0 0 1 1 5 0 0 0 0 
diagrams:96  5 0 0 1 1 5 0 0 0 0 3 0 0 0 0 
diagrams:97  6 0 0 -1 1 5 0 0 0 0 3 0 0 0 0 5 0 0 1 1 
diagrams:98  6 0 0 -1 1 5 0 0 0 0 5 0 0 1 1 3 0 0 0 0 
diagrams:99  5 0 0 1 1 3 0 0 0 0 5 0 0 0 0 
diagrams:100  6 0 0 -1 1 3 0 0 0 0 5 0 0 0 0 5 0 0 1 1 
diagrams:101  5 0 0 1 1 5 0 0 0 0 3 0 0 0 0 6 0 0 -1 1 
diagrams:102  5 0 0 1 1 3 0 0 0 0 5 0 0 0 0 6 0 0 -1 1 
diagrams:103  5 0 0 -1 1 5 0 0 0 0 3 0 0 0 0 6 0 0 1 1 
diagrams:104  5 0 0 -1 1 3 0 0 0 0 5 0 0 0 0 6 0 0 1 1 
diagrams:105  6 0 0 1 1 5 0 0 1 0 5 0 0 -1 1 
diagrams:106  5 0 0 -1 1 5 0 0 1 0 
diagrams:107  6 0 0 1 1 6 0 0 -1 0 
diagrams:108  6 0 0 1 1 5 0 0 1 0 5 0 0 -1 1 6 0 0 -1 0 
diagrams:109  5 0 0 -1 1 6 0 0 -1 0 5 0 0 1 0 
diagrams:110  6 0 0 1 1 6 0 0 -1 0 5 0 0 1 0 5 0 0 -1 1 
diagrams:111  6 0 0 1 1 5 0 0 -1 0 5 0 0 -1 1 
diagrams:112  5 0 0 -1 1 5 0 0 -1 0 
diagrams:113  6 0 0 1 1 6 0 0 1 0 
diagrams:114  6 0 0 1 1 5 0 0 -1 0 5 0 0 -1 1 6 0 0 1 0 
diagrams:115  5 0 0 -1 1 6 0 0 1 0 5 0 0 -1 0 
diagrams:116  6 0 0 1 1 6 0 0 1 0 5 0 0 -1 0 5 0 0 -1 1 
diagrams:117  5 0 0 -1 1 5 0 0 -1 0 6 0 0 1 0 
diagrams:118  6 0 0 1 1 5 0 0 -1 0 6 0 0 1 0 5 0 0 -1 1 
diagrams:119  5 0 0 -1 1 5 0 0 1 0 6 0 0 -1 0 
diagrams:120  6 0 0 1 1 5 0 0 1 0 6 0 0 -1 0 5 0 0 -1 1 
diagrams:121  6 0 0 -1 1 5 0 0 1 0 5 0 0 1 1 
diagrams:122  5 0 0 1 1 5 0 0 1 0 
diagrams:123  6 0 0 -1 1 6 0 0 -1 0 
diagrams:124  6 0 0 -1 1 5 0 0 1 0 5 0 0 1 1 6 0 0 -1 0 
diagrams:125  5 0 0 1 1 6 0 0 -1 0 5 0 0 1 0 
diagrams:126  6 0 0 -1 1 6 0 0 -1 0 5 0 0 1 0 5 0 0 1 1 
diagrams:127  6 0 0 -1 1 5 0 0 -1 0 5 0 0 1 1 
diagrams:128  5 0 0 1 1 5 0 0 -1 0 
diagrams:129  6 0 0 -1 1 6 0 0 1 0 
diagrams:130  6 0 0 -1 1 5 0 0 -1 0 5 0 0 1 1 6 0 0 1 0 
diagrams:131  5 0 0 1 1 6 0 0 1 0 5 0 0 -1 0 
diagrams:132  6 0 0 -1 1 6 0 0 1 0 5 0 0 -1 0 5 0 0 1 1 
diagrams:133  5 0 0 1 1 5 0 0 -1 0 6 0 0 1 0 
diagrams:134  6 0 0 -1 1 5 0 0 -1 0 6 0 0 1 0 5 0 0 1 1 
diagrams:135  5 0 0 1 1 5 0 0 1 0 6 0 0 -1 0 
diagrams:136  6 0 0 -1 1 5 0 0 1 0 6 0 0 -1 0 5 0 0 1 1 
diagrams:137  5 0 0 1 1 5 0 0 1 0 6 0 0 -1 1 
diagrams:138  5 0 0 1 1 6 0 0 -1 0 5 0 0 1 0 6 0 0 -1 1 
diagrams:139  5 0 0 1 1 5 0 0 -1 0 6 0 0 -1 1 
diagrams:140  5 0 0 1 1 6 0 0 1 0 5 0 0 -1 0 6 0 0 -1 1 
diagrams:141  5 0 0 1 1 5 0 0 -1 0 6 0 0 -1 1 6 0 0 1 0 
diagrams:142  5 0 0 1 1 5 0 0 -1 0 6 0 0 1 0 6 0 0 -1 1 
diagrams:143  5 0 0 1 1 5 0 0 1 0 6 0 0 -1 1 6 0 0 -1 0 
diagrams:144  5 0 0 1 1 5 0 0 1 0 6 0 0 -1 0 6 0 0 -1 1 
diagrams:145  5 0 0 -1 1 5 0 0 1 0 6 0 0 1 1 
diagrams:146  5 0 0 -1 1 6 0 0 -1 0 5 0 0 1 0 6 0 0 1 1 
diagrams:147  5 0 0 -1 1 5 0 0 -1 0 6 0 0 1 1 
diagrams:148  5 0 0 -1 1 6 0 0 1 0 5 0 0 -1 0 6 0 0 1 1 
diagrams:149  5 0 0 -1 1 5 0 0 -1 0 6 0 0 1 1 6 0 0 1 0 
diagrams:150  5 0 0 -1 1 5 0 0 -1 0 6 0 0 1 0 6 0 0 1 1 
diagrams:151  5 0 0 -1 1 5 0 0 1 0 6 0 0 1 1 6 0 0 -1 0 
diagrams:152  5 0 0 -1 1 5 0 0 1 0 6 0 0 -1 0 6 0 0 1 1 
diagrams:153  6 0 0 1 1 5 1 0 0 0 5 0 0 -1 1 5 0 0 0 0 5 -1 0 0 0 
diagrams:154  6 0 0 1 1 5 0 0 0 0 5 -1 0 0 0 
diagrams:155  5 0 0 -1 1 5 1 0 0 0 
diagrams:156  6 0 0 1 1 5 1 0 0 0 5 0 0 -1 1 
diagrams:157  6 0 0 1 1 5 -1 0 0 0 5 0 0 0 0 
diagrams:158  5 0 0 -1 1 5 0 0 0 0 5 -1 0 0 0 5 1 0 0 0 
diagrams:159  6 0 0 1 1 5 0 0 0 0 5 -1 0 0 0 5 1 0 0 0 5 0 0 -1 1 
diagrams:160  6 0 0 1 1 5 -1 0 0 0 5 1 0 0 0 5 0 0 -1 1 5 0 0 0 0 
diagrams:161  6 0 0 1 1 5 0 0 0 0 5 0 0 -1 1 5 1 0 0 0 5 -1 0 0 0 
diagrams:162  6 0 0 1 1 5 1 0 0 0 5 -1 0 0 0 5 0 0 0 0 5 0 0 -1 1 
diagrams:163  5 0 0 -1 1 5 1 0 0 0 5 -1 0 0 0 5 0 0 0 0 
diagrams:164  6 0 0 1 1 5 1 0 0 0 5 0 0 0 0 5 0 0 -1 1 5 -1 0 0 0 
diagrams:165  5 0 0 -1 1 5 -1 0 0 0 5 1 0 0 0 5 0 0 0 0 
diagrams:166  6 0 0 1 1 5 -1 0 0 0 5 1 0 0 0 5 0 0 0 0 5 0 0 -1 1 
diagrams:167  6 0 0 1 1 5 -1 0 0 0 5 0 0 -1 1 5 0 0 0 0 5 1 0 0 0 
diagrams:168  6 0 0 1 1 5 0 0 0 0 5 1 0 0 0 
diagrams:169  5 0 0 -1 1 5 -1 0 0 0 
diagrams:170  6 0 0 1 1 5 -1 0 0 0 5 0 0 -1 1 
diagrams:171  6 0 0 1 1 5 1 0 0 0 5 0 0 0 0 
diagrams:172  5 0 0 -1 1 5 0 0 0 0 5 1 0 0 0 5 -1 0 0 0 
diagrams:173  6 0 0 1 1 5 0 0 0 0 5 1 0 0 0 5 -1 0 0 0 5 0 0 -1 1 
diagrams:174  6 0 0 1 1 5 1 0 0 0 5 -1 0 0 0 5 0 0 -1 1 5 0 0 0 0 
diagrams:175  6 0 0 1 1 5 0 0 0 0 5 0 0 -1 1 5 -1 0 0 0 5 1 0 0 0 
diagrams:176  6 0 0 1 1 5 -1 0 0 0 5 0 0 0 0 5 0 0 -1 1 5 1 0 0 0 
diagrams:177  6 0 0 -1 1 5 1 0 0 0 5 0 0 1 1 5 0 0 0 0 5 -1 0 0 0 
diagrams:178  6 0 0 -1 1 5 0 0 0 0 5 -1 0 0 0 
diagrams:179  5 0 0 1 1 5 1 0 0 0 
diagrams:180  6 0 0 -1 1 5 1 0 0 0 5 0 0 1 1 
diagrams:181  6 0 0 -1 1 5 -1 0 0 0 5 0 0 0 0 
diagrams:182  5 0 0 1 1 5 0 0 0 0 5 -1 0 0 0 5 1 0 0 0 
diagrams:183  6 0 0 -1 1 5 0 0 0 0 5 -1 0 0 0 5 1 0 0 0 5 0 0 1 1 
diagrams:184  6 0 0 -1 1 5 -1 0 0 0 5 1 0 0 0 5 0 0 1 1 5 0 0 0 0 
diagrams:185  6 0 0 -1 1 5 0 0 0 0 5 0 0 1 1 5 1 0 0 0 5 -1 0 0 0 
diagrams:186  6 0 0 -1 1 5 1 0 0 0 5 -1 0 0 0 5 0 0 0 0 5 0 0 1 1 
diagrams:187  5 0 0 1 1 5 1 0 0 0 5 -1 0 0 0 5 0 0 0 0 
diagrams:188  6 0 0 -1 1 5 1 0 0 0 5 0 0 0 0 5 0 0 1 1 5 -1 0 0 0 
diagrams:189  5 0 0 1 1 5 -1 0 0 0 5 1 0 0 0 5 0 0 0 0 
diagrams:190  6 0 0 -1 1 5 -1 0 0 0 5 1 0 0 0 5 0 0 0 0 5 0 0 1 1 
diagrams:191  6 0 0 -1 1 5 -1 0 0 0 5 0 0 1 1 5 0 0 0 0 5 1 0 0 0 
diagrams:192  6 0 0 -1 1 5 0 0 0 0 5 1 0 0 0 
diagrams:193  5 0 0 1 1 5 -1 0 0 0 
diagrams:194  6 0 0 -1 1 5 -1 0 0 0 5 0 0 1 1 
diagrams:195  6 0 0 -1 1 5 1 0 0 0 5 0 0 0 0 
diagrams:196  5 0 0 1 1 5 0 0 0 0 5 1 0 0 0 5 -1 0 0 0 
diagrams:197  6 0 0 -1 1 5 0 0 0 0 5 1 0 0 0 5 -1 0 0 0 5 0 0 1 1 
diagrams:198  6 0 0 -1 1 5 1 0 0 0 5 -1 0 0 0 5 0 0 1 1 5 0 0 0 0 
diagrams:199  6 0 0 -1 1 5 0 0 0 0 5 0 0 1 1 5 -1 0 0 0 5 1 0 0 0 
diagrams:200  6 0 0 -1 1 5 -1 0 0 0 5 0 0 0 0 5 0 0 1 1 5 1 0 0 0 
diagrams:201  5 0 0 1 1 5 1 0 0 0 6 0 0 -1 1 
diagrams:202  5 0 0 1 1 5 0 0 0 0 5 -1 0 0 0 5 1 0 0 0 6 0 0 -1 1 
diagrams:203  5 0 0 1 1 5 1 0 0 0 5 -1 0 0 0 5 0 0 0 0 6 0 0 -1 1 
diagrams:204  5 0 0 1 1 5 -1 0 0 0 5 1 0 0 0 5 0 0 0 0 6 0 0 -1 1 
diagrams:205  5 0 0 1 1 5 -1 0 0 0 6 0 0 -1 1 
diagrams:206  5 0 0 1 1 5 0 0 0 0 5 1 0 0 0 5 -1 0 0 0 6 0 0 -1 1 
diagrams:207  5 0 0 -1 1 5 1 0 0 0 6 0 0 1 1 
diagrams:208  5 0 0 -1 1 5 0 0 0 0 5 -1 0 0 0 5 1 0 0 0 6 0 0 1 1 
diagrams:209  5 0 0 -1 1 5 1 0 0 0 5 -1 0 0 0 5 0 0 0 0 6 0 0 1 1 
diagrams:210  5 0 0 -1 1 5 -1 0 0 0 5 1 0 0 0 5 0 0 0 0 6 0 0 1 1 
diagrams:211  5 0 0 -1 1 5 -1 0 0 0 6 0 0 1 1 
diagrams:212  5 0 0 -1 1 5 0 0 0 0 5 1 0 0 0 5 -1 0 0 0 6 0 0 1 1 
diagrams:213  5 0 0 0 1 11 0 0 0 0 5 -1 0 0 1 5 1 0 0 1 
diagrams:214  5 0 0 0 1 5 1 0 0 1 
diagrams:215  5 -1 0 0 1 11 0 0 0 0 
diagrams:216  5 1 0 0 1 5 -1 0 0 1 11 0 0 0 0 5 0 0 0 1 
diagrams:217  5 1 0 0 1 11 0 0 0 0 5 0 0 0 1 5 -1 0 0 1 
diagrams:218  5 0 0 0 1 11 0 0 0 0 5 1 0 0 1 5 -1 0 0 1 
diagrams:219  5 0 0 0 1 5 -1 0 0 1 
diagrams:220  5 1 0 0 1 11 0 0 0 0 
diagrams:221  5 0 0 0 1 5 0 0 0 0 5 1 0 0 1 3 0 0 0 0 5 -1 0 0 1 
diagrams:222  5 0 0 0 1 3 0 0 0 0 5 -1 0 0 1 
diagrams:223  5 1 0 0 1 5 0 0 0 0 
diagrams:224  5 0 0 0 1 5 0 0 0 0 5 1 0 0 1 
diagrams:225  5 -1 0 0 1 3 0 0 0 0 
diagrams:226  5 0 0 0 1 3 0 0 0 0 5 -1 0 0 1 5 0 0 0 0 5 1 0 0 1 
diagrams:227  5 -1 0 0 1 5 0 0 0 0 3 0 0 0 0 
diagrams:228  5 0 0 0 1 5 0 0 0 0 3 0 0 0 0 5 -1 0 0 1 5 1 0 0 1 
diagrams:229  5 0 0 0 1 5 1 0 0 1 5 0 0 0 0 
diagrams:230  5 0 0 0 1 5 1 0 0 1 3 0 0 0 0 5 -1 0 0 1 5 0 0 0 0 
diagrams:231  5 1 0 0 1 3 0 0 0 0 5 -1 0 0 1 
diagrams:232  5 0 0 0 1 3 0 0 0 0 5 1 0 0 1 5 0 0 0 0 5 -1 0 0 1 
diagrams:233  5 0 0 0 1 5 0 0 0 0 5 -1 0 0 1 
diagrams:234  5 1 0 0 1 3 0 0 0 0 
diagrams:235  5 0 0 0 1 3 0 0 0 0 5 1 0 0 1 
diagrams:236  5 -1 0 0 1 5 0 0 0 0 
diagrams:237  5 0 0 0 1 5 0 0 0 0 5 -1 0 0 1 3 0 0 0 0 5 1 0 0 1 
diagrams:238  5 -1 0 0 1 3 0 0 0 0 5 0 0 0 0 
diagrams:239  5 0 0 0 1 3 0 0 0 0 5 0 0 0 0 5 -1 0 0 1 5 1 0 0 1 
diagrams:240  5 0 0 0 1 5 1 0 0 1 3 0 0 0 0 
diagrams:241  5 0 0 0 1 5 1 0 0 1 5 0 0 0 0 5 -1 0 0 1 3 0 0 0 0 
diagrams:242  5 1 0 0 1 5 0 0 0 0 5 -1 0 0 1 
diagrams:243  5 1 0 0 1 5 -1 0 0 1 5 0 0 0 0 
diagrams:244  5 1 0 0 1 5 -1 0 0 1 5 0 0 0 0 3 0 0 0 0 5 0 0 0 1 
diagrams:245  5 1 0 0 1 5 -1 0 0 1 3 0 0 0 0 
diagrams:246  5 1 0 0 1 5 -1 0 0 1 3 0 0 0 0 5 0 0 0 0 5 0 0 0 1 
diagrams:247  5 0 0 0 1 5 -1 0 0 1 3 0 0 0 0 
diagrams:248  5 1 0 0 1 3 0 0 0 0 5 0 0 0 1 5 -1 0 0 1 5 0 0 0 0 
diagrams:249  5 1 0 0 1 5 0 0 0 0 3 0 0 0 0 5 0 0 0 1 5 -1 0 0 1 
diagrams:250  5 0 0 0 1 5 -1 0 0 1 5 0 0 0 0 
diagrams:251  5 1 0 0 1 5 0 0 0 0 5 0 0 0 1 5 -1 0 0 1 3 0 0 0 0 
diagrams:252  5 1 0 0 1 3 0 0 0 0 5 0 0 0 0 5 0 0 0 1 5 -1 0 0 1 
diagrams:253  5 1 0 0 1 5 0 0 0 0 3 0 0 0 0 
diagrams:254  5 0 0 0 1 5 0 0 0 0 3 0 0 0 0 5 1 0 0 1 5 -1 0 0 1 
diagrams:255  5 1 0 0 1 3 0 0 0 0 5 0 0 0 0 
diagrams:256  5 0 0 0 1 3 0 0 0 0 5 0 0 0 0 5 1 0 0 1 5 -1 0 0 1 
diagrams:257  5 0 0 0 1 6 0 0 -1 0 5 1 0 0 1 
diagrams:258  5 -1 0 0 1 5 0 0 1 0 
diagrams:259  5 0 0 0 1 5 0 0 1 0 5 -1 0 0 1 6 0 0 -1 0 5 1 0 0 1 
diagrams:260  5 0 0 0 1 5 0 0 1 0 5 -1 0 0 1 5 1 0 0 1 
diagrams:261  5 -1 0 0 1 6 0 0 -1 0 5 0 0 1 0 
diagrams:262  5 0 0 0 1 6 0 0 -1 0 5 0 0 1 0 5 -1 0 0 1 5 1 0 0 1 
diagrams:263  5 0 0 0 1 5 1 0 0 1 6 0 0 -1 0 
diagrams:264  5 0 0 0 1 5 0 0 1 0 5 -1 0 0 1 5 1 0 0 1 6 0 0 -1 0 
diagrams:265  5 0 0 0 1 6 0 0 1 0 5 1 0 0 1 
diagrams:266  5 -1 0 0 1 5 0 0 -1 0 
diagrams:267  5 0 0 0 1 5 0 0 -1 0 5 -1 0 0 1 6 0 0 1 0 5 1 0 0 1 
diagrams:268  5 0 0 0 1 5 0 0 -1 0 5 -1 0 0 1 5 1 0 0 1 
diagrams:269  5 -1 0 0 1 6 0 0 1 0 5 0 0 -1 0 
diagrams:270  5 0 0 0 1 6 0 0 1 0 5 0 0 -1 0 5 -1 0 0 1 5 1 0 0 1 
diagrams:271  5 0 0 0 1 5 1 0 0 1 6 0 0 1 0 
diagrams:272  5 0 0 0 1 5 0 0 -1 0 5 -1 0 0 1 5 1 0 0 1 6 0 0 1 0 
diagrams:273  5 -1 0 0 1 5 0 0 -1 0 6 0 0 1 0 
diagrams:274  5 0 0 0 1 5 0 0 -1 0 6 0 0 1 0 5 -1 0 0 1 5 1 0 0 1 
diagrams:275  5 -1 0 0 1 5 0 0 1 0 6 0 0 -1 0 
diagrams:276  5 0 0 0 1 5 0 0 1 0 6 0 0 -1 0 5 -1 0 0 1 5 1 0 0 1 
diagrams:277  5 1 0 0 1 5 -1 0 0 1 5 0 0 1 0 5 0 0 0 1 6 0 0 -1 0 
diagrams:278  5 1 0 0 1 5 -1 0 0 1 5 0 0 1 0 5 0 0 0 1 
diagrams:279  5 1 0 0 1 5 -1 0 0 1 6 0 0 -1 0 5 0 0 1 0 5 0 0 0 1 
diagrams:280  5 1 0 0 1 5 -1 0 0 1 5 0 0 -1 0 5 0 0 0 1 6 0 0 1 0 
diagrams:281  5 1 0 0 1 5 -1 0 0 1 5 0 0 -1 0 5 0 0 0 1 
diagrams:282  5 1 0 0 1 5 -1 0 0 1 6 0 0 1 0 5 0 0 -1 0 5 0 0 0 1 
diagrams:283  5 1 0 0 1 6 0 0 1 0 5 -1 0 0 1 5 0 0 -1 0 5 0 0 0 1 
diagrams:284  5 1 0 0 1 5 -1 0 0 1 5 0 0 -1 0 6 0 0 1 0 5 0 0 0 1 
diagrams:285  5 1 0 0 1 6 0 0 -1 0 5 -1 0 0 1 5 0 0 1 0 5 0 0 0 1 
diagrams:286  5 1 0 0 1 5 -1 0 0 1 5 0 0 1 0 6 0 0 -1 0 5 0 0 0 1 
diagrams:287  5 1 0 0 1 5 0 0 1 0 5 0 0 0 1 5 -1 0 0 1 6 0 0 -1 0 
diagrams:288  5 1 0 0 1 5 0 0 1 0 5 0 0 0 1 5 -1 0 0 1 
diagrams:289  5 1 0 0 1 6 0 0 -1 0 5 0 0 1 0 5 0 0 0 1 5 -1 0 0 1 
diagrams:290  5 1 0 0 1 5 0 0 -1 0 5 0 0 0 1 5 -1 0 0 1 6 0 0 1 0 
diagrams:291  5 1 0 0 1 5 0 0 -1 0 5 0 0 0 1 5 -1 0 0 1 
diagrams:292  5 1 0 0 1 6 0 0 1 0 5 0 0 -1 0 5 0 0 0 1 5 -1 0 0 1 
diagrams:293  5 1 0 0 1 5 0 0 -1 0 5 0 0 0 1 6 0 0 1 0 5 -1 0 0 1 
diagrams:294  5 1 0 0 1 5 0 0 -1 0 6 0 0 1 0 5 0 0 0 1 5 -1 0 0 1 
diagrams:295  5 1 0 0 1 5 0 0 1 0 5 0 0 0 1 6 0 0 -1 0 5 -1 0 0 1 
diagrams:296  5 1 0 0 1 5 0 0 1 0 6 0 0 -1 0 5 0 0 0 1 5 -1 0 0 1 
diagrams:297  5 0 0 0 1 6 0 0 -1 0 5 -1 0 0 1 
diagrams:298  5 1 0 0 1 5 0 0 1 0 
diagrams:299  5 0 0 0 1 5 0 0 1 0 5 1 0 0 1 6 0 0 -1 0 5 -1 0 0 1 
diagrams:300  5 0 0 0 1 5 0 0 1 0 5 1 0 0 1 5 -1 0 0 1 
diagrams:301  5 1 0 0 1 6 0 0 -1 0 5 0 0 1 0 
diagrams:302  5 0 0 0 1 6 0 0 -1 0 5 0 0 1 0 5 1 0 0 1 5 -1 0 0 1 
diagrams:303  5 0 0 0 1 5 -1 0 0 1 6 0 0 -1 0 
diagrams:304  5 0 0 0 1 5 0 0 1 0 5 1 0 0 1 5 -1 0 0 1 6 0 0 -1 0 
diagrams:305  5 0 0 0 1 6 0 0 1 0 5 -1 0 0 1 
diagrams:306  5 1 0 0 1 5 0 0 -1 0 
diagrams:307  5 0 0 0 1 5 0 0 -1 0 5 1 0 0 1 6 0 0 1 0 5 -1 0 0 1 
diagrams:308  5 0 0 0 1 5 0 0 -1 0 5 1 0 0 1 5 -1 0 0 1 
diagrams:309  5 1 0 0 1 6 0 0 1 0 5 0 0 -1 0 
diagrams:310  5 0 0 0 1 6 0 0 1 0 5 0 0 -1 0 5 1 0 0 1 5 -1 0 0 1 
diagrams:311  5 0 0 0 1 5 -1 0 0 1 6 0 0 1 0 
diagrams:312  5 0 0 0 1 5 0 0 -1 0 5 1 0 0 1 5 -1 0 0 1 6 0 0 1 0 
diagrams:313  5 1 0 0 1 5 0 0 -1 0 6 0 0 1 0 
diagrams:314  5 0 0 0 1 5 0 0 -1 0 6 0 0 1 0 5 1 0 0 1 5 -1 0 0 1 
diagrams:315  5 1 0 0 1 5 0 0 1 0 6 0 0 -1 0 
diagrams:316  5 0 0 0 1 5 0 0 1 0 6 0 0 -1 0 5 1 0 0 1 5 -1 0 0 1 
diagrams:317  5 0 0 0 1 5 -1 0 0 0 5 0 0 0 0 5 1 0 0 1 5 1 0 0 0 5 -1 0 0 1 
diagrams:318  5 0 0 0 1 5 1 0 0 0 5 -1 0 0 1 
diagrams:319  5 1 0 0 1 5 -1 0 0 0 5 0 0 0 0 
diagrams:320  5 0 0 0 1 5 -1 0 0 0 5 0 0 0 0 5 1 0 0 1 
diagrams:321  5 -1 0 0 1 5 1 0 0 0 
diagrams:322  5 0 0 0 1 5 1 0 0 0 5 -1 0 0 1 5 -1 0 0 0 5 0 0 0 0 5 1 0 0 1 
diagrams:323  5 0 0 0 1 5 1 0 0 0 5 -1 0 0 1 5 1 0 0 1 
diagrams:324  5 0 0 0 1 5 1 0 0 1 5 -1 0 0 0 5 0 0 0 0 
diagrams:325  5 0 0 0 1 5 1 0 0 1 5 1 0 0 0 5 -1 0 0 1 5 -1 0 0 0 5 0 0 0 0 
diagrams:326  5 1 0 0 1 5 1 0 0 0 5 -1 0 0 1 
diagrams:327  5 0 0 0 1 5 1 0 0 0 5 -1 0 0 1 5 1 0 0 1 5 -1 0 0 0 5 0 0 0 0 
diagrams:328  5 1 0 0 1 5 -1 0 0 0 
diagrams:329  5 0 0 0 1 5 -1 0 0 0 5 1 0 0 1 5 0 0 0 0 
diagrams:330  5 0 0 0 1 5 1 0 0 0 5 -1 0 0 1 5 -1 0 0 0 5 1 0 0 1 5 0 0 0 0 
diagrams:331  5 0 0 0 1 5 -1 0 0 0 5 1 0 0 1 5 1 0 0 0 5 -1 0 0 1 5 0 0 0 0 
diagrams:332  5 0 0 0 1 5 1 0 0 0 5 -1 0 0 1 5 0 0 0 0 
diagrams:333  5 0 0 0 1 5 0 0 0 0 5 -1 0 0 0 5 1 0 0 1 
diagrams:334  5 0 0 0 1 5 1 0 0 0 5 -1 0 0 1 5 0 0 0 0 5 -1 0 0 0 5 1 0 0 1 
diagrams:335  5 0 0 0 1 5 0 0 0 0 5 -1 0 0 0 5 1 0 0 1 5 1 0 0 0 5 -1 0 0 1 
diagrams:336  5 1 0 0 1 5 0 0 0 0 5 -1 0 0 0 
diagrams:337  5 0 0 0 1 5 0 0 0 0 5 1 0 0 0 5 -1 0 0 1 5 -1 0 0 0 5 1 0 0 1 
diagrams:338  5 0 0 0 1 5 -1 0 0 0 5 1 0 0 1 
diagrams:339  5 -1 0 0 1 5 0 0 0 0 5 1 0 0 0 
diagrams:340  5 0 0 0 1 5 0 0 0 0 5 1 0 0 0 5 -1 0 0 1 
diagrams:341  5 0 0 0 1 5 -1 0 0 0 5 1 0 0 1 5 0 0 0 0 5 1 0 0 0 5 -1 0 0 1 
diagrams:342  5 0 0 0 1 5 1 0 0 1 5 0 0 0 0 5 1 0 0 0 5 -1 0 0 1 5 -1 0 0 0 
diagrams:343  5 0 0 0 1 5 1 0 0 1 5 -1 0 0 0 
diagrams:344  5 0 0 0 1 5 0 0 0 0 5 1 0 0 0 5 -1 0 0 1 5 1 0 0 1 5 -1 0 0 0 
diagrams:345  5 1 0 0 1 5 0 0 0 0 5 1 0 0 0 5 -1 0 0 1 
diagrams:346  5 0 0 0 1 5 0 0 0 0 5 1 0 0 1 5 1 0 0 0 5 -1 0 0 1 5 -1 0 0 0 
diagrams:347  5 0 0 0 1 5 1 0 0 0 5 -1 0 0 1 5 0 0 0 0 5 1 0 0 1 5 -1 0 0 0 
diagrams:348  5 0 0 0 1 5 0 0 0 0 5 1 0 0 1 5 -1 0 0 0 
diagrams:349  5 0 0 0 1 5 1 0 0 1 5 1 0 0 0 5 -1 0 0 1 5 0 0 0 0 5 -1 0 0 0 
diagrams:350  5 0 0 0 1 5 1 0 0 0 5 -1 0 0 1 5 1 0 0 1 5 0 0 0 0 5 -1 0 0 0 
diagrams:351  5 0 0 0 1 5 1 0 0 1 5 0 0 0 0 5 -1 0 0 0 
diagrams:352  5 -1 0 0 1 5 0 0 0 0 5 -1 0 0 0 5 1 0 0 0 
diagrams:353  5 0 0 0 1 5 0 0 0 0 5 -1 0 0 0 5 1 0 0 0 5 -1 0 0 1 5 1 0 0 1 
diagrams:354  5 0 0 0 1 5 1 0 0 1 5 -1 0 0 0 5 1 0 0 0 5 -1 0 0 1 5 0 0 0 0 
diagrams:355  5 1 0 0 1 5 -1 0 0 0 5 1 0 0 0 5 -1 0 0 1 
diagrams:356  5 0 0 0 1 5 -1 0 0 0 5 1 0 0 0 5 -1 0 0 1 5 1 0 0 1 5 0 0 0 0 
diagrams:357  5 -1 0 0 1 5 -1 0 0 0 5 1 0 0 0 
diagrams:358  5 0 0 0 1 5 -1 0 0 0 5 1 0 0 0 5 -1 0 0 1 5 0 0 0 0 5 1 0 0 1 
diagrams:359  5 0 0 0 1 5 0 0 0 0 5 1 0 0 1 5 -1 0 0 0 5 1 0 0 0 5 -1 0 0 1 
diagrams:360  5 0 0 0 1 5 -1 0 0 0 5 1 0 0 0 5 -1 0 0 1 
diagrams:361  5 1 0 0 1 5 1 0 0 0 5 -1 0 0 0 
diagrams:362  5 0 0 0 1 5 1 0 0 0 5 -1 0 0 0 5 1 0 0 1 5 0 0 0 0 5 -1 0 0 1 
diagrams:363  5 0 0 0 1 5 0 0 0 0 5 -1 0 0 1 5 1 0 0 0 5 -1 0 0 0 5 1 0 0 1 
diagrams:364  5 0 0 0 1 5 1 0 0 0 5 -1 0 0 0 5 1 0 0 1 
diagrams:365  5 -1 0 0 1 5 1 0 0 0 5 -1 0 0 0 5 0 0 0 0 
diagrams:366  5 0 0 0 1 5 1 0 0 0 5 -1 0 0 0 5 0 0 0 0 5 -1 0 0 1 5 1 0 0 1 
diagrams:367  5 0 0 0 1 5 1 0 0 1 5 0 0 0 0 5 -1 0 0 1 5 1 0 0 0 5 -1 0 0 0 
diagrams:368  5 0 0 0 1 5 1 0 0 1 5 1 0 0 0 5 -1 0 0 0 
diagrams:369  5 0 0 0 1 5 0 0 0 0 5 -1 0 0 1 5 1 0 0 1 5 1 0 0 0 5 -1 0 0 0 
diagrams:370  5 0 0 0 1 5 -1 0 0 0 5 1 0 0 1 5 1 0 0 0 5 0 0 0 0 5 -1 0 0 1 
diagrams:371  5 0 0 0 1 5 1 0 0 0 5 0 0 0 0 5 -1 0 0 1 
diagrams:372  5 -1 0 0 1 5 1 0 0 0 5 0 0 0 0 
diagrams:373  5 0 0 0 1 5 1 0 0 0 5 0 0 0 0 5 -1 0 0 1 5 -1 0 0 0 5 1 0 0 1 
diagrams:374  5 -1 0 0 1 5 -1 0 0 0 5 1 0 0 0 5 0 0 0 0 
diagrams:375  5 0 0 0 1 5 -1 0 0 0 5 1 0 0 0 5 0 0 0 0 5 -1 0 0 1 5 1 0 0 1 
diagrams:376  5 0 0 0 1 5 1 0 0 1 5 1 0 0 0 5 0 0 0 0 5 -1 0 0 1 5 -1 0 0 0 
diagrams:377  5 1 0 0 1 5 1 0 0 0 5 0 0 0 0 5 -1 0 0 1 
diagrams:378  5 0 0 0 1 5 1 0 0 0 5 0 0 0 0 5 -1 0 0 1 5 1 0 0 1 5 -1 0 0 0 
diagrams:379  5 0 0 0 1 5 1 0 0 0 5 0 0 0 0 5 1 0 0 1 5 -1 0 0 0 5 -1 0 0 1 
diagrams:380  5 0 0 0 1 5 -1 0 0 0 5 -1 0 0 1 
diagrams:381  5 1 0 0 1 5 1 0 0 0 5 0 0 0 0 
diagrams:382  5 0 0 0 1 5 1 0 0 0 5 0 0 0 0 5 1 0 0 1 
diagrams:383  5 -1 0 0 1 5 -1 0 0 0 
diagrams:384  5 0 0 0 1 5 -1 0 0 0 5 -1 0 0 1 5 1 0 0 0 5 0 0 0 0 5 1 0 0 1 
diagrams:385  5 0 0 0 1 5 -1 0 0 0 5 -1 0 0 1 5 1 0 0 1 
diagrams:386  5 0 0 0 1 5 1 0 0 1 5 1 0 0 0 5 0 0 0 0 
diagrams:387  5 0 0 0 1 5 1 0 0 1 5 -1 0 0 0 5 -1 0 0 1 5 1 0 0 0 5 0 0 0 0 
diagrams:388  5 1 0 0 1 5 -1 0 0 0 5 -1 0 0 1 
diagrams:389  5 0 0 0 1 5 -1 0 0 0 5 -1 0 0 1 5 1 0 0 1 5 1 0 0 0 5 0 0 0 0 
diagrams:390  5 1 0 0 1 5 1 0 0 0 
diagrams:391  5 0 0 0 1 5 1 0 0 0 5 1 0 0 1 5 0 0 0 0 
diagrams:392  5 0 0 0 1 5 -1 0 0 0 5 -1 0 0 1 5 1 0 0 0 5 1 0 0 1 5 0 0 0 0 
diagrams:393  5 0 0 0 1 5 1 0 0 0 5 1 0 0 1 5 -1 0 0 0 5 -1 0 0 1 5 0 0 0 0 
diagrams:394  5 0 0 0 1 5 -1 0 0 0 5 -1 0 0 1 5 0 0 0 0 
diagrams:395  5 0 0 0 1 5 0 0 0 0 5 1 0 0 0 5 1 0 0 1 
diagrams:396  5 0 0 0 1 5 -1 0 0 0 5 -1 0 0 1 5 0 0 0 0 5 1 0 0 0 5 1 0 0 1 
diagrams:397  5 0 0 0 1 5 0 0 0 0 5 1 0 0 0 5 1 0 0 1 5 -1 0 0 0 5 -1 0 0 1 
diagrams:398  5 1 0 0 1 5 0 0 0 0 5 1 0 0 0 
diagrams:399  5 0 0 0 1 5 0 0 0 0 5 -1 0 0 0 5 -1 0 0 1 5 1 0 0 0 5 1 0 0 1 
diagrams:400  5 0 0 0 1 5 1 0 0 0 5 1 0 0 1 
diagrams:401  5 -1 0 0 1 5 0 0 0 0 5 -1 0 0 0 
diagrams:402  5 0 0 0 1 5 0 0 0 0 5 -1 0 0 0 5 -1 0 0 1 
diagrams:403  5 0 0 0 1 5 1 0 0 0 5 1 0 0 1 5 0 0 0 0 5 -1 0 0 0 5 -1 0 0 1 
diagrams:404  5 0 0 0 1 5 1 0 0 1 5 0 0 0 0 5 -1 0 0 0 5 -1 0 0 1 5 1 0 0 0 
diagrams:405  5 0 0 0 1 5 1 0 0 1 5 1 0 0 0 
diagrams:406  5 0 0 0 1 5 0 0 0 0 5 -1 0 0 0 5 -1 0 0 1 5 1 0 0 1 5 1 0 0 0 
diagrams:407  5 1 0 0 1 5 0 0 0 0 5 -1 0 0 0 5 -1 0 0 1 
diagrams:408  5 0 0 0 1 5 0 0 0 0 5 1 0 0 1 5 -1 0 0 0 5 -1 0 0 1 5 1 0 0 0 
diagrams:409  5 0 0 0 1 5 -1 0 0 0 5 -1 0 0 1 5 0 0 0 0 5 1 0 0 1 5 1 0 0 0 
diagrams:410  5 0 0 0 1 5 0 0 0 0 5 1 0 0 1 5 1 0 0 0 
diagrams:411  5 0 0 0 1 5 1 0 0 1 5 -1 0 0 0 5 -1 0 0 1 5 0 0 0 0 5 1 0 0 0 
diagrams:412  5 0 0 0 1 5 -1 0 0 0 5 -1 0 0 1 5 1 0 0 1 5 0 0 0 0 5 1 0 0 0 
diagrams:413  5 0 0 0 1 5 1 0 0 1 5 0 0 0 0 5 1 0 0 0 
diagrams:414  5 -1 0 0 1 5 0 0 0 0 5 1 0 0 0 5 -1 0 0 0 
diagrams:415  5 0 0 0 1 5 0 0 0 0 5 1 0 0 0 5 -1 0 0 0 5 -1 0 0 1 5 1 0 0 1 
diagrams:416  5 0 0 0 1 5 1 0 0 1 5 1 0 0 0 5 -1 0 0 0 5 -1 0 0 1 5 0 0 0 0 
diagrams:417  5 1 0 0 1 5 1 0 0 0 5 -1 0 0 0 5 -1 0 0 1 
diagrams:418  5 0 0 0 1 5 1 0 0 0 5 -1 0 0 0 5 -1 0 0 1 5 1 0 0 1 5 0 0 0 0 
diagrams:419  5 -1 0 0 1 5 1 0 0 0 5 -1 0 0 0 
diagrams:420  5 0 0 0 1 5 1 0 0 0 5 -1 0 0 0 5 -1 0 0 1 5 0 0 0 0 5 1 0 0 1 
diagrams:421  5 0 0 0 1 5 0 0 0 0 5 1 0 0 1 5 1 0 0 0 5 -1 0 0 0 5 -1 0 0 1 
diagrams:422  5 0 0 0 1 5 1 0 0 0 5 -1 0 0 0 5 -1 0 0 1 
diagrams:423  5 1 0 0 1 5 -1 0 0 0 5 1 0 0 0 
diagrams:424  5 0 0 0 1 5 -1 0 0 0 5 1 0 0 0 5 1 0 0 1 5 0 0 0 0 5 -1 0 0 1 
diagrams:425  5 0 0 0 1 5 0 0 0 0 5 -1 0 0 1 5 -1 0 0 0 5 1 0 0 0 5 1 0 0 1 
diagrams:426  5 0 0 0 1 5 -1 0 0 0 5 1 0 0 0 5 1 0 0 1 
diagrams:427  5 0 0 0 1 5 1 0 0 1 5 0 0 0 0 5 -1 0 0 1 5 -1 0 0 0 5 1 0 0 0 
diagrams:428  5 0 0 0 1 5 1 0 0 1 5 -1 0 0 0 5 1 0 0 0 
diagrams:429  5 0 0 0 1 5 0 0 0 0 5 -1 0 0 1 5 1 0 0 1 5 -1 0 0 0 5 1 0 0 0 
diagrams:430  5 0 0 0 1 5 1 0 0 0 5 1 0 0 1 5 -1 0 0 0 5 0 0 0 0 5 -1 0 0 1 
diagrams:431  5 0 0 0 1 5 -1 0 0 0 5 0 0 0 0 5 -1 0 0 1 
diagrams:432  5 -1 0 0 1 5 -1 0 0 0 5 0 0 0 0 
diagrams:433  5 0 0 0 1 5 -1 0 0 0 5 0 0 0 0 5 -1 0 0 1 5 1 0 0 0 5 1 0 0 1 
diagrams:434  5 0 0 0 1 5 1 0 0 1 5 -1 0 0 0 5 0 0 0 0 5 -1 0 0 1 5 1 0 0 0 
diagrams:435  5 1 0 0 1 5 -1 0 0 0 5 0 0 0 0 5 -1 0 0 1 
diagrams:436  5 0 0 0 1 5 -1 0 0 0 5 0 0 0 0 5 -1 0 0 1 5 1 0 0 1 5 1 0 0 0 
diagrams:437  5 1 0 0 1 5 -1 0 0 1 5 1 0 0 0 5 0 0 0 1 
diagrams:438  5 1 0 0 1 5 -1 0 0 1 5 1 0 0 0 5 0 0 0 1 5 -1 0 0 0 5 0 0 0 0 
diagrams:439  5 1 0 0 1 5 -1 0 0 1 5 -1 0 0 0 5 0 0 0 0 
diagrams:440  5 1 0 0 1 5 -1 0 0 1 5 -1 0 0 0 
diagrams:441  5 1 0 0 1 5 -1 0 0 1 5 0 0 0 0 5 1 0 0 0 5 0 0 0 1 5 -1 0 0 0 
diagrams:442  5 1 0 0 1 5 -1 0 0 1 5 0 0 0 0 5 -1 0 0 0 
diagrams:443  5 1 0 0 1 5 -1 0 0 1 5 1 0 0 0 5 0 0 0 1 5 0 0 0 0 5 -1 0 0 0 
diagrams:444  5 1 0 0 1 5 -1 0 0 1 5 0 0 0 0 5 -1 0 0 0 5 1 0 0 0 5 0 0 0 1 
diagrams:445  5 1 0 0 1 5 -1 0 0 1 5 -1 0 0 0 5 1 0 0 0 5 0 0 0 1 5 0 0 0 0 
diagrams:446  5 0 0 0 1 5 0 0 0 0 5 -1 0 0 1 5 1 0 0 0 
diagrams:447  5 1 0 0 1 5 -1 0 0 1 5 1 0 0 0 5 -1 0 0 0 
diagrams:448  5 1 0 0 1 5 -1 0 0 1 5 0 0 0 0 5 0 0 0 1 5 1 0 0 0 5 -1 0 0 0 
diagrams:449  5 1 0 0 1 5 -1 0 0 1 5 1 0 0 0 5 -1 0 0 0 5 0 0 0 0 5 0 0 0 1 
diagrams:450  5 1 0 0 1 5 0 0 0 0 5 -1 0 0 1 5 1 0 0 0 5 0 0 0 1 5 -1 0 0 0 
diagrams:451  5 1 0 0 1 5 -1 0 0 1 5 1 0 0 0 5 0 0 0 0 5 0 0 0 1 5 -1 0 0 0 
diagrams:452  5 1 0 0 1 5 -1 0 0 1 5 -1 0 0 0 5 1 0 0 0 5 0 0 0 0 5 0 0 0 1 
diagrams:453  5 1 0 0 1 5 -1 0 0 1 5 -1 0 0 0 5 0 0 0 1 
diagrams:454  5 1 0 0 1 5 -1 0 0 1 5 -1 0 0 0 5 0 0 0 1 5 1 0 0 0 5 0 0 0 0 
diagrams:455  5 1 0 0 1 5 -1 0 0 1 5 1 0 0 0 5 0 0 0 0 
diagrams:456  5 1 0 0 1 5 -1 0 0 1 5 1 0 0 0 
diagrams:457  5 1 0 0 1 5 -1 0 0 1 5 0 0 0 0 5 -1 0 0 0 5 0 0 0 1 5 1 0 0 0 
diagrams:458  5 1 0 0 1 5 -1 0 0 1 5 0 0 0 0 5 1 0 0 0 
diagrams:459  5 1 0 0 1 5 -1 0 0 1 5 -1 0 0 0 5 0 0 0 1 5 0 0 0 0 5 1 0 0 0 
diagrams:460  5 1 0 0 1 5 -1 0 0 1 5 0 0 0 0 5 1 0 0 0 5 -1 0 0 0 5 0 0 0 1 
diagrams:461  5 1 0 0 1 5 -1 0 0 1 5 1 0 0 0 5 -1 0 0 0 5 0 0 0 1 5 0 0 0 0 
diagrams:462  5 0 0 0 1 5 0 0 0 0 5 -1 0 0 1 5 -1 0 0 0 
diagrams:463  5 1 0 0 1 5 -1 0 0 1 5 -1 0 0 0 5 1 0 0 0 
diagrams:464  5 1 0 0 1 5 -1 0 0 1 5 0 0 0 0 5 0 0 0 1 5 -1 0 0 0 5 1 0 0 0 
diagrams:465  5 1 0 0 1 5 0 0 0 0 5 -1 0 0 1 5 -1 0 0 0 5 0 0 0 1 5 1 0 0 0 
diagrams:466  5 1 0 0 1 5 -1 0 0 1 5 -1 0 0 0 5 0 0 0 0 5 0 0 0 1 5 1 0 0 0 
diagrams:467  5 1 0 0 1 5 1 0 0 0 5 0 0 0 1 5 -1 0 0 1 
diagrams:468  5 0 0 0 1 5 -1 0 0 1 5 1 0 0 0 
diagrams:469  5 1 0 0 1 5 1 0 0 0 5 0 0 0 1 5 -1 0 0 1 5 -1 0 0 0 5 0 0 0 0 
diagrams:470  5 1 0 0 1 5 0 0 0 0 5 1 0 0 0 5 0 0 0 1 5 -1 0 0 1 5 -1 0 0 0 
diagrams:471  5 0 0 0 1 5 -1 0 0 1 5 0 0 0 0 5 1 0 0 0 
diagrams:472  5 1 0 0 1 5 1 0 0 0 5 0 0 0 1 5 -1 0 0 1 5 0 0 0 0 5 -1 0 0 0 
diagrams:473  5 1 0 0 1 5 0 0 0 0 5 -1 0 0 0 5 1 0 0 0 5 0 0 0 1 5 -1 0 0 1 
diagrams:474  5 1 0 0 1 5 -1 0 0 0 5 1 0 0 0 5 0 0 0 1 5 -1 0 0 1 5 0 0 0 0 
diagrams:475  5 0 0 0 1 5 -1 0 0 1 5 -1 0 0 0 5 1 0 0 0 
diagrams:476  5 1 0 0 1 5 0 0 0 0 5 0 0 0 1 5 -1 0 0 1 5 1 0 0 0 5 -1 0 0 0 
diagrams:477  5 1 0 0 1 5 1 0 0 0 5 -1 0 0 0 5 0 0 0 0 5 0 0 0 1 5 -1 0 0 1 
diagrams:478  5 1 0 0 1 5 1 0 0 0 5 0 0 0 1 5 0 0 0 0 5 -1 0 0 1 5 -1 0 0 0 
diagrams:479  5 0 0 0 1 5 -1 0 0 1 5 1 0 0 0 5 0 0 0 0 
diagrams:480  5 1 0 0 1 5 1 0 0 0 5 0 0 0 0 5 0 0 0 1 5 -1 0 0 1 5 -1 0 0 0 
diagrams:481  5 1 0 0 1 5 -1 0 0 0 5 1 0 0 0 5 0 0 0 0 5 0 0 0 1 5 -1 0 0 1 
diagrams:482  5 1 0 0 1 5 -1 0 0 0 5 0 0 0 1 5 -1 0 0 1 
diagrams:483  5 0 0 0 1 5 -1 0 0 1 5 -1 0 0 0 
diagrams:484  5 1 0 0 1 5 -1 0 0 0 5 0 0 0 1 5 -1 0 0 1 5 1 0 0 0 5 0 0 0 0 
diagrams:485  5 1 0 0 1 5 0 0 0 0 5 -1 0 0 0 5 0 0 0 1 5 -1 0 0 1 5 1 0 0 0 
diagrams:486  5 0 0 0 1 5 -1 0 0 1 5 0 0 0 0 5 -1 0 0 0 
diagrams:487  5 1 0 0 1 5 -1 0 0 0 5 0 0 0 1 5 -1 0 0 1 5 0 0 0 0 5 1 0 0 0 
diagrams:488  5 1 0 0 1 5 0 0 0 0 5 1 0 0 0 5 -1 0 0 0 5 0 0 0 1 5 -1 0 0 1 
diagrams:489  5 1 0 0 1 5 1 0 0 0 5 -1 0 0 0 5 0 0 0 1 5 -1 0 0 1 5 0 0 0 0 
diagrams:490  5 0 0 0 1 5 -1 0 0 1 5 1 0 0 0 5 -1 0 0 0 
diagrams:491  5 1 0 0 1 5 0 0 0 0 5 0 0 0 1 5 -1 0 0 1 5 -1 0 0 0 5 1 0 0 0 
diagrams:492  5 1 0 0 1 5 -1 0 0 0 5 0 0 0 1 5 0 0 0 0 5 -1 0 0 1 5 1 0 0 0 
diagrams:493  5 0 0 0 1 5 -1 0 0 1 5 -1 0 0 0 5 0 0 0 0 
diagrams:494  5 1 0 0 1 5 -1 0 0 0 5 0 0 0 0 5 0 0 0 1 5 -1 0 0 1 5 1 0 0 0 
diagrams:495  5 0 0 0 1 5 1 0 0 0 5 1 0 0 1 5 -1 0 0 1 
diagrams:496  5 1 0 0 1 5 0 0 0 0 5 -1 0 0 0 5 1 0 0 0 
diagrams:497  5 0 0 0 1 5 0 0 0 0 5 -1 0 0 0 5 1 0 0 0 5 1 0 0 1 5 -1 0 0 1 
diagrams:498  5 1 0 0 1 5 1 0 0 0 5 -1 0 0 0 5 0 0 0 0 
diagrams:499  5 0 0 0 1 5 1 0 0 0 5 -1 0 0 0 5 0 0 0 0 5 1 0 0 1 5 -1 0 0 1 
diagrams:500  5 1 0 0 1 5 -1 0 0 0 5 1 0 0 0 5 0 0 0 0 
diagrams:501  5 0 0 0 1 5 -1 0 0 0 5 1 0 0 0 5 0 0 0 0 5 1 0 0 1 5 -1 0 0 1 
diagrams:502  5 0 0 0 1 5 -1 0 0 0 5 1 0 0 1 5 -1 0 0 1 
diagrams:503  5 1 0 0 1 5 0 0 0 0 5 1 0 0 0 5 -1 0 0 0 
diagrams:504  5 0 0 0 1 5 0 0 0 0 5 1 0 0 0 5 -1 0 0 0 5 1 0 0 1 5 -1 0 0 1 
